N:\>mainsim2 5 200 6

ans =

5


ans =

200


ans =

6


ans =

     5


ans =

   200


ans =

     6

Niters is 200
Input is being taken as scores not margin fractions.
Warning: rand: WARNING: NaN is equal to itself on this platform (it should not b
e)


acceptrate =

     1


marginfracs =

  5.0000e-001  3.8560e-001  5.3140e-001
  6.1440e-001  5.0000e-001  3.6540e-001
  4.6860e-001  6.3460e-001  5.0000e-001


currentmargins =

  5.0000e-001  3.8200e-001  5.3450e-001
  6.1800e-001  5.0000e-001  3.6407e-001
  4.6550e-001  6.3593e-001  5.0000e-001


ratios =

  1.0000e+000  9.9067e-001  1.0058e+000
  1.0059e+000  1.0000e+000  9.9636e-001
  9.9339e-001  1.0021e+000  1.0000e+000


errors =

            0 -3.5980e-003  3.0982e-003
  3.5980e-003            0 -1.3287e-003
 -3.0982e-003  1.3287e-003            0


rmserrors =

  2.3243e-003


epsilon =

  2.3243e-004


acceptrate =

     1


marginfracs =

  5.0000e-001  3.8560e-001  5.3140e-001
  6.1440e-001  5.0000e-001  3.6540e-001
  4.6860e-001  6.3460e-001  5.0000e-001


currentmargins =

  5.0000e-001  3.8732e-001  5.3499e-001
  6.1268e-001  5.0000e-001  3.6461e-001
  4.6501e-001  6.3539e-001  5.0000e-001


ratios =

  1.0000e+000  1.0045e+000  1.0068e+000
  9.9721e-001  1.0000e+000  9.9784e-001
  9.9234e-001  1.0012e+000  1.0000e+000


errors =

            0  1.7170e-003  3.5887e-003
 -1.7170e-003            0 -7.9015e-004
 -3.5887e-003  7.9015e-004            0


rmserrors =

  1.9120e-003


epsilon =

  1.3520e-004


sumoveralldecays =

  9.9909e-001


outorder =

     3
     2
     1


outorderpos =

     3
     2
     1


N:\>
