>> sim2(5, 200, 6)
Niters is 200
Input is being taken as scores not margin fractions.

acceptrate =

     1


marginfracs =

   5.0000e-01   4.9760e-01   5.1640e-01
   5.0240e-01   5.0000e-01   3.2240e-01
   4.8360e-01   6.7760e-01   5.0000e-01


currentmargins =

   5.0000e-01   4.9348e-01   5.1001e-01
   5.0652e-01   5.0000e-01   3.1932e-01
   4.8999e-01   6.8068e-01   5.0000e-01


ratios =

   1.0000e+00   9.9173e-01   9.8763e-01
   1.0082e+00   1.0000e+00   9.9045e-01
   1.0132e+00   1.0045e+00   1.0000e+00


errors =

            0  -4.1152e-03  -6.3879e-03
   4.1152e-03            0  -3.0780e-03
   6.3879e-03   3.0780e-03            0


rmserrors =

   3.8648e-03


epsilon =

   3.8648e-04


acceptrate =

     1


marginfracs =

   5.0000e-01   4.9760e-01   5.1640e-01
   5.0240e-01   5.0000e-01   3.2240e-01
   4.8360e-01   6.7760e-01   5.0000e-01


currentmargins =

   5.0000e-01   4.9788e-01   5.1421e-01
   5.0212e-01   5.0000e-01   3.2655e-01
   4.8579e-01   6.7345e-01   5.0000e-01


ratios =

   1.0000e+00   1.0006e+00   9.9576e-01
   9.9945e-01   1.0000e+00   1.0129e+00
   1.0045e+00   9.9387e-01   1.0000e+00


errors =

            0   2.7571e-04  -2.1883e-03
  -2.7571e-04            0   4.1543e-03
   2.1883e-03  -4.1543e-03            0


rmserrors =

   2.2172e-03


epsilon =

   1.5678e-04


sumoveralldecays =

   9.9909e-01


ans =

     3
     2
     1
